test_loss: 0.93007755
test_accuracy: 0.7189128
precision_micro: 0.7205197352292229
recall_micro: 0.7205197352292229
f1_micro: 0.7205197352292229
precision_macro: 0.3751520496938192
recall_macro: 0.2761346264766578
f1_macro: 0.3751520496938192
precision_weighted: 0.6786961477765792
recall_weighted: 0.7205197352292229
f1_weighted: 0.6836987568883567
