test_loss: 0.7759088277816772
test_accuracy: 0.7621966004371643
precision_micro: 0.7621966168178476
recall_micro: 0.7621966168178476
f1_micro: 0.7621966168178476
precision_macro: 0.5412487876723517
recall_macro: 0.42517741803820436
f1_macro: 0.5412487876723517
precision_weighted: 0.7395641972056379
recall_weighted: 0.7621966168178476
f1_weighted: 0.7383704279707806
