test_loss: 0.9592567
test_accuracy: 0.71546227
precision_micro: 0.717332679578328
recall_micro: 0.717332679578328
f1_micro: 0.7173326795783281
precision_macro: 0.3354434556017245
recall_macro: 0.28052253209432154
f1_macro: 0.3354434556017245
precision_weighted: 0.6739509588826273
recall_weighted: 0.717332679578328
f1_weighted: 0.6862959299288527
