test_loss: 0.9433115
test_accuracy: 0.7328288
precision_micro: 0.7344937484677617
recall_micro: 0.7344937484677617
f1_micro: 0.7344937484677617
precision_macro: 0.40294699890874736
recall_macro: 0.2768835508934881
f1_macro: 0.40294699890874736
precision_weighted: 0.6972136347842681
recall_weighted: 0.7344937484677617
f1_weighted: 0.702654093729018
