test_loss: 0.95751363
test_accuracy: 0.71057945
precision_micro: 0.7124295170384898
recall_micro: 0.7124295170384898
f1_micro: 0.7124295170384898
precision_macro: 0.38138809009253594
recall_macro: 0.2632805636103299
f1_macro: 0.38138809009253594
precision_weighted: 0.679727241589788
recall_weighted: 0.7124295170384898
f1_weighted: 0.6724172131156925
