test_loss: 0.938979
test_accuracy: 0.7304525
precision_micro: 0.7315518509438588
recall_micro: 0.7315518509438588
f1_micro: 0.7315518509438588
precision_macro: 0.39232876424358976
recall_macro: 0.28840481017501474
f1_macro: 0.39232876424358976
precision_weighted: 0.6990850329429351
recall_weighted: 0.7315518509438588
f1_weighted: 0.6987855326720396
