test_loss: 0.75063825
test_accuracy: 0.7650879
precision_micro: 0.7666094631037019
recall_micro: 0.7666094631037019
f1_micro: 0.7666094631037018
precision_macro: 0.5338508226880925
recall_macro: 0.43857274231982646
f1_macro: 0.5338508226880925
precision_weighted: 0.7442557200345391
recall_weighted: 0.7666094631037019
f1_weighted: 0.7440936032620649
