test_loss: 0.8393569
test_accuracy: 0.73142904
precision_micro: 0.7325324834518264
recall_micro: 0.7325324834518264
f1_micro: 0.7325324834518264
precision_macro: 0.4747346950329126
recall_macro: 0.39077673543264596
f1_macro: 0.4747346950329126
precision_weighted: 0.7109747991055111
recall_weighted: 0.7325324834518264
f1_weighted: 0.7086640180011514
