test_loss: 0.8694877
test_accuracy: 0.72698104
precision_micro: 0.7282981853849927
recall_micro: 0.7282981853849927
f1_micro: 0.7282981853849927
precision_macro: 0.44783783975553154
recall_macro: 0.36305637855055856
f1_macro: 0.44783783975553154
precision_weighted: 0.6950014831365121
recall_weighted: 0.7282981853849927
f1_weighted: 0.7030442634718634
