test_loss: 0.9246483
test_accuracy: 0.72398156
precision_micro: 0.7256007846983815
recall_micro: 0.7256007846983815
f1_micro: 0.7256007846983815
precision_macro: 0.3963256814815895
recall_macro: 0.31207169934858525
f1_macro: 0.3963256814815895
precision_weighted: 0.6854012183960119
recall_weighted: 0.7256007846983815
f1_weighted: 0.6909485360640376
