test_loss: 0.91432863
test_accuracy: 0.7253255
precision_micro: 0.7264035302770286
recall_micro: 0.7264035302770286
f1_micro: 0.7264035302770286
precision_macro: 0.4169086949136274
recall_macro: 0.2945650164165056
f1_macro: 0.4169086949136274
precision_weighted: 0.7045686548019232
recall_weighted: 0.7264035302770286
f1_weighted: 0.6909710458663562
