test_loss: 0.8171972
test_accuracy: 0.7330729
precision_micro: 0.7347389065947536
recall_micro: 0.7347389065947536
f1_micro: 0.7347389065947536
precision_macro: 0.46720782945960637
recall_macro: 0.41584731707734646
f1_macro: 0.46720782945960637
precision_weighted: 0.7045969214750154
recall_weighted: 0.7347389065947536
f1_weighted: 0.7092750464978526
