test_loss: 0.8192508
test_accuracy: 0.7394322
precision_micro: 0.7408043158410986
recall_micro: 0.7408043158410986
f1_micro: 0.7408043158410986
precision_macro: 0.4814232367624475
recall_macro: 0.3738080567214118
f1_macro: 0.4814232367624475
precision_weighted: 0.713914333640971
recall_weighted: 0.7408043158410986
f1_weighted: 0.7163984359928519
