test_loss: 0.8291198
test_accuracy: 0.7379883
precision_micro: 0.7393969110075999
recall_micro: 0.7393969110075999
f1_micro: 0.7393969110075999
precision_macro: 0.48839367168678155
recall_macro: 0.39140808470883187
f1_macro: 0.48839367168678155
precision_weighted: 0.7198299717534736
recall_weighted: 0.7393969110075999
f1_weighted: 0.7142528350893849
