test_loss: 0.9299989
test_accuracy: 0.7265137
precision_micro: 0.7278744790389802
recall_micro: 0.7278744790389802
f1_micro: 0.7278744790389802
precision_macro: 0.3719769615318535
recall_macro: 0.3094427865723928
f1_macro: 0.3719769615318535
precision_weighted: 0.6931318503278674
recall_weighted: 0.7278744790389802
f1_weighted: 0.6982240364097059
