test_loss: 0.8248769
test_accuracy: 0.74827474
precision_micro: 0.7494483942142682
recall_micro: 0.7494483942142682
f1_micro: 0.7494483942142682
precision_macro: 0.5292955414161679
recall_macro: 0.39449872476951553
f1_macro: 0.5292955414161679
precision_weighted: 0.7250079796265028
recall_weighted: 0.7494483942142682
f1_weighted: 0.7268969127194318
