test_loss: 0.89599484
test_accuracy: 0.7325265
precision_micro: 0.7341834232466895
recall_micro: 0.7341834232466895
f1_micro: 0.7341834232466896
precision_macro: 0.41368567384142524
recall_macro: 0.3009340656684146
f1_macro: 0.41368567384142524
precision_weighted: 0.6952797936073708
recall_weighted: 0.7341834232466895
f1_weighted: 0.6987504795620301
