test_loss: 0.94890225
test_accuracy: 0.7286784
precision_micro: 0.7303260603088992
recall_micro: 0.7303260603088992
f1_micro: 0.7303260603088992
precision_macro: 0.40978566687868107
recall_macro: 0.3222555936699574
f1_macro: 0.40978566687868107
precision_weighted: 0.6962960174502242
recall_weighted: 0.7303260603088992
f1_weighted: 0.7007840158760679
