test_loss: 0.9784058
test_accuracy: 0.7237956
precision_micro: 0.725422897769061
recall_micro: 0.725422897769061
f1_micro: 0.725422897769061
precision_macro: 0.3676672661177996
recall_macro: 0.31155622415451806
f1_macro: 0.3676672661177996
precision_weighted: 0.6873383916412698
recall_weighted: 0.725422897769061
f1_weighted: 0.6919642533238259
