test_loss: 0.92252696
test_accuracy: 0.7269694
precision_micro: 0.7286099534199558
recall_micro: 0.7286099534199558
f1_micro: 0.7286099534199558
precision_macro: 0.4398864675159814
recall_macro: 0.3012461348125329
f1_macro: 0.4398864675159814
precision_weighted: 0.7036521111625886
recall_weighted: 0.7286099534199558
f1_weighted: 0.6983410476901433
