test_loss: 0.9650555
test_accuracy: 0.72233075
precision_micro: 0.7239519490071096
recall_micro: 0.7239519490071096
f1_micro: 0.7239519490071096
precision_macro: 0.40899414307394844
recall_macro: 0.30526182499360266
f1_macro: 0.40899414307394844
precision_weighted: 0.6951278730263734
recall_weighted: 0.7239519490071096
f1_weighted: 0.6921702048781218
