test_loss: 0.8368904
test_accuracy: 0.7315755
precision_micro: 0.7335131159597941
recall_micro: 0.7335131159597941
f1_micro: 0.7335131159597941
precision_macro: 0.4712364064048474
recall_macro: 0.3871557308820685
f1_macro: 0.4712364064048474
precision_weighted: 0.708308547492804
recall_weighted: 0.7335131159597941
f1_weighted: 0.709020445784058
