test_loss: 0.9133815
test_accuracy: 0.7340611
precision_micro: 0.7354095144678764
recall_micro: 0.7354095144678764
f1_micro: 0.7354095144678764
precision_macro: 0.41339594076248465
recall_macro: 0.30769534522306
f1_macro: 0.41339594076248465
precision_weighted: 0.6970865918030607
recall_weighted: 0.7354095144678764
f1_weighted: 0.7024103600233543
