test_loss: 0.95280373
test_accuracy: 0.7267253
precision_micro: 0.7283647952929639
recall_micro: 0.7283647952929639
f1_micro: 0.7283647952929639
precision_macro: 0.4048106319998964
recall_macro: 0.29368749167675934
f1_macro: 0.4048106319998964
precision_weighted: 0.6861300273107735
recall_weighted: 0.7283647952929639
f1_weighted: 0.6939113469006193
