test_loss: 0.9686423
test_accuracy: 0.7101237
precision_micro: 0.7116940426575141
recall_micro: 0.7116940426575141
f1_micro: 0.7116940426575142
precision_macro: 0.3751391964763346
recall_macro: 0.27471617604484716
f1_macro: 0.3751391964763346
precision_weighted: 0.6859067006132006
recall_weighted: 0.7116940426575141
f1_weighted: 0.6763991387361905
