test_loss: 0.9547328
test_accuracy: 0.71818036
precision_micro: 0.7197842608482471
recall_micro: 0.7197842608482471
f1_micro: 0.7197842608482471
precision_macro: 0.3672755252931019
recall_macro: 0.2875669412969575
f1_macro: 0.3672755252931019
precision_weighted: 0.6772949773212885
recall_weighted: 0.7197842608482471
f1_weighted: 0.6875288229210467
