test_loss: 0.8312525
test_accuracy: 0.7345703
precision_micro: 0.7359646972297131
recall_micro: 0.7359646972297131
f1_micro: 0.7359646972297131
precision_macro: 0.48445913932444723
recall_macro: 0.39902672212979107
f1_macro: 0.48445913932444723
precision_weighted: 0.7109560304845753
recall_weighted: 0.7359646972297131
f1_weighted: 0.7115533399057897
