test_loss: 0.91450226
test_accuracy: 0.72993165
precision_micro: 0.7313066928168669
recall_micro: 0.7313066928168669
f1_micro: 0.7313066928168669
precision_macro: 0.40256094343149745
recall_macro: 0.30628280857805956
f1_macro: 0.40256094343149745
precision_weighted: 0.6915412081419723
recall_weighted: 0.7313066928168669
f1_weighted: 0.7015440056214454
