test_loss: 0.9587075
test_accuracy: 0.7137858
precision_micro: 0.7153714145623927
recall_micro: 0.7153714145623927
f1_micro: 0.7153714145623927
precision_macro: 0.38802085400700026
recall_macro: 0.298507405794004
f1_macro: 0.38802085400700026
precision_weighted: 0.6810938711642937
recall_weighted: 0.7153714145623927
f1_weighted: 0.6758657155936661
