test_loss: 0.83700734
test_accuracy: 0.722819
precision_micro: 0.7244422652610935
recall_micro: 0.7244422652610935
f1_micro: 0.7244422652610936
precision_macro: 0.48603553409778044
recall_macro: 0.42855694746187617
f1_macro: 0.48603553409778044
precision_weighted: 0.7004727234339061
recall_weighted: 0.7244422652610935
f1_weighted: 0.7029381325789673
