test_loss: 0.9162007
test_accuracy: 0.72031945
precision_micro: 0.721922511034821
recall_micro: 0.721922511034821
f1_micro: 0.721922511034821
precision_macro: 0.4636527992160714
recall_macro: 0.37560941496494765
f1_macro: 0.4636527992160714
precision_weighted: 0.690538830800404
recall_weighted: 0.721922511034821
f1_weighted: 0.6911534563049732
