test_loss: 0.8317651
test_accuracy: 0.73999023
precision_micro: 0.7410495340853359
recall_micro: 0.7410495340853359
f1_micro: 0.7410495340853359
precision_macro: 0.4862623236691627
recall_macro: 0.35427390739429687
f1_macro: 0.4862623236691627
precision_weighted: 0.7171861695173006
recall_weighted: 0.7410495340853359
f1_weighted: 0.7165051012753529
