test_loss: 0.8413906
test_accuracy: 0.7347493
precision_micro: 0.7367001716106889
recall_micro: 0.7367001716106889
f1_micro: 0.7367001716106889
precision_macro: 0.44655600287679764
recall_macro: 0.39861179530352114
f1_macro: 0.44655600287679764
precision_weighted: 0.7069602355731874
recall_weighted: 0.7367001716106889
f1_weighted: 0.7119952265474606
