test_loss: 0.83942485
test_accuracy: 0.73509115
precision_micro: 0.736209855356705
recall_micro: 0.736209855356705
f1_micro: 0.736209855356705
precision_macro: 0.4676269914219859
recall_macro: 0.4095195035491898
f1_macro: 0.4676269914219859
precision_weighted: 0.7155179464896089
recall_weighted: 0.736209855356705
f1_weighted: 0.7117588595218011
