test_loss: 0.9601956
test_accuracy: 0.7125651
precision_micro: 0.7141456239274332
recall_micro: 0.7141456239274332
f1_micro: 0.7141456239274332
precision_macro: 0.34942978850132544
recall_macro: 0.2842091388579493
f1_macro: 0.34942978850132544
precision_weighted: 0.6725953806499521
recall_weighted: 0.7141456239274332
f1_weighted: 0.6759573494616928
