test_loss: 0.94935954
test_accuracy: 0.70555013
precision_micro: 0.706545721990684
recall_micro: 0.706545721990684
f1_micro: 0.706545721990684
precision_macro: 0.42181184723667414
recall_macro: 0.33013503362122687
f1_macro: 0.42181184723667414
precision_weighted: 0.6702167745776518
recall_weighted: 0.706545721990684
f1_weighted: 0.6774685399773599
