test_loss: 0.8044018
test_accuracy: 0.7308873
precision_micro: 0.7322216772927905
recall_micro: 0.7322216772927905
f1_micro: 0.7322216772927905
precision_macro: 0.4674051973645324
recall_macro: 0.37812542902318697
f1_macro: 0.4674051973645324
precision_weighted: 0.701344105930441
recall_weighted: 0.7322216772927905
f1_weighted: 0.7064230964749391
