test_loss: 0.83425856
test_accuracy: 0.7421712
precision_micro: 0.7433194410394705
recall_micro: 0.7433194410394705
f1_micro: 0.7433194410394703
precision_macro: 0.4774715694910233
recall_macro: 0.3883727447642397
f1_macro: 0.4774715694910233
precision_weighted: 0.7212281254831137
recall_weighted: 0.7433194410394705
f1_weighted: 0.7206287358474789
