test_loss: 0.9130981
test_accuracy: 0.7272461
precision_micro: 0.7286099534199558
recall_micro: 0.7286099534199558
f1_micro: 0.7286099534199558
precision_macro: 0.38964411567203633
recall_macro: 0.2925644423961091
f1_macro: 0.38964411567203633
precision_weighted: 0.6925766846770793
recall_weighted: 0.7286099534199558
f1_weighted: 0.6953702337744602
