test_loss: 0.9439394
test_accuracy: 0.72648114
precision_micro: 0.7281196371659721
recall_micro: 0.7281196371659721
f1_micro: 0.7281196371659721
precision_macro: 0.41905695356158634
recall_macro: 0.300418423376221
f1_macro: 0.41905695356158634
precision_weighted: 0.6923563151164439
recall_weighted: 0.7281196371659721
f1_weighted: 0.6906378611491136
