test_loss: 0.95083934
test_accuracy: 0.7186361
precision_micro: 0.7205197352292229
recall_micro: 0.7205197352292229
f1_micro: 0.7205197352292229
precision_macro: 0.38935544026117014
recall_macro: 0.26065023881888155
f1_macro: 0.38935544026117014
precision_weighted: 0.6767844537571873
recall_weighted: 0.7205197352292229
f1_weighted: 0.6869371425378665
