test_loss: 0.9647855
test_accuracy: 0.70649415
precision_micro: 0.7077715126256435
recall_micro: 0.7077715126256435
f1_micro: 0.7077715126256435
precision_macro: 0.3839771908087725
recall_macro: 0.26134030593299
f1_macro: 0.3839771908087725
precision_weighted: 0.6743235758870845
recall_weighted: 0.7077715126256435
f1_weighted: 0.665133932152465
