test_loss: 0.9074345
test_accuracy: 0.7316197
precision_micro: 0.7329573320255027
recall_micro: 0.7329573320255027
f1_micro: 0.7329573320255026
precision_macro: 0.39093747206253754
recall_macro: 0.29299250505190644
f1_macro: 0.39093747206253754
precision_weighted: 0.7020188076194253
recall_weighted: 0.7329573320255027
f1_weighted: 0.7043987918590817
