test_loss: 0.94946307
test_accuracy: 0.7086914
precision_micro: 0.7099779357685707
recall_micro: 0.7099779357685707
f1_micro: 0.7099779357685707
precision_macro: 0.4012918453328423
recall_macro: 0.2987361571764307
f1_macro: 0.4012918453328423
precision_weighted: 0.6876445706706213
recall_weighted: 0.7099779357685707
f1_weighted: 0.6718089280929094
