test_loss: 0.9726718
test_accuracy: 0.716683
precision_micro: 0.7185584702132876
recall_micro: 0.7185584702132876
f1_micro: 0.7185584702132876
precision_macro: 0.37849132458526447
recall_macro: 0.2764907386969644
f1_macro: 0.37849132458526447
precision_weighted: 0.6736237951872464
recall_weighted: 0.7185584702132876
f1_weighted: 0.6827313523529396
