test_loss: 0.82776356
test_accuracy: 0.7327962
precision_micro: 0.7347389065947536
recall_micro: 0.7347389065947536
f1_micro: 0.7347389065947536
precision_macro: 0.4704927469194659
recall_macro: 0.37828407435416406
f1_macro: 0.4704927469194659
precision_weighted: 0.7050562268161036
recall_weighted: 0.7347389065947536
f1_weighted: 0.7117181732299116
