test_loss: 0.92772335
test_accuracy: 0.7176921
precision_micro: 0.7192939445942633
recall_micro: 0.7192939445942633
f1_micro: 0.7192939445942634
precision_macro: 0.41736224963296853
recall_macro: 0.2845791214679822
f1_macro: 0.41736224963296853
precision_weighted: 0.6821617927496236
recall_weighted: 0.7192939445942633
f1_weighted: 0.6831094904072712
