test_loss: 0.94524854
test_accuracy: 0.7269694
precision_micro: 0.7286099534199558
recall_micro: 0.7286099534199558
f1_micro: 0.7286099534199558
precision_macro: 0.3718260530895261
recall_macro: 0.30324290232061996
f1_macro: 0.3718260530895261
precision_weighted: 0.6885847737974137
recall_weighted: 0.7286099534199558
f1_weighted: 0.6933792427736433
