test_loss: 0.9291755
test_accuracy: 0.7306966
precision_micro: 0.7317970090708507
recall_micro: 0.7317970090708507
f1_micro: 0.7317970090708507
precision_macro: 0.3703797141609824
recall_macro: 0.2945456909383965
f1_macro: 0.3703797141609824
precision_weighted: 0.6935067323487768
recall_weighted: 0.7317970090708507
f1_weighted: 0.6998035806831876
