test_loss: 0.91279775
test_accuracy: 0.7272252
precision_micro: 0.72854340362923
recall_micro: 0.72854340362923
f1_micro: 0.72854340362923
precision_macro: 0.4009198512167295
recall_macro: 0.2919831938343977
f1_macro: 0.4009198512167295
precision_weighted: 0.6908412057558919
recall_weighted: 0.72854340362923
f1_weighted: 0.6940368912036908
