test_loss: 0.8785429
test_accuracy: 0.7222726
precision_micro: 0.7238842569887199
recall_micro: 0.7238842569887199
f1_micro: 0.7238842569887199
precision_macro: 0.47082758752066384
recall_macro: 0.35237262583495127
f1_macro: 0.47082758752066384
precision_weighted: 0.7049594136593496
recall_weighted: 0.7238842569887199
f1_weighted: 0.6999319414192511
