test_loss: 0.89016956
test_accuracy: 0.7402344
precision_micro: 0.7412947523295733
recall_micro: 0.7412947523295733
f1_micro: 0.7412947523295732
precision_macro: 0.39433265149880115
recall_macro: 0.30946174075848154
f1_macro: 0.39433265149880115
precision_weighted: 0.7020672614663596
recall_weighted: 0.7412947523295733
f1_weighted: 0.7112180699285628
