test_loss: 0.8149273
test_accuracy: 0.72820175
precision_micro: 0.7295242766061795
recall_micro: 0.7295242766061795
f1_micro: 0.7295242766061795
precision_macro: 0.4667364665927401
recall_macro: 0.3417295167043359
f1_macro: 0.4667364665927401
precision_weighted: 0.7099689223376423
recall_weighted: 0.7295242766061795
f1_weighted: 0.699054209148558
