test_loss: 0.9593196
test_accuracy: 0.7098796
precision_micro: 0.7114488845305222
recall_micro: 0.7114488845305222
f1_micro: 0.7114488845305222
precision_macro: 0.3835077071773375
recall_macro: 0.2652538656630542
f1_macro: 0.3835077071773375
precision_weighted: 0.687025142557859
recall_weighted: 0.7114488845305222
f1_weighted: 0.6719823361331662
