test_loss: 0.88703376
test_accuracy: 0.7328404
precision_micro: 0.7341834232466895
recall_micro: 0.7341834232466895
f1_micro: 0.7341834232466896
precision_macro: 0.5172334047698689
recall_macro: 0.3779895278101801
f1_macro: 0.5172334047698689
precision_weighted: 0.7096448270331235
recall_weighted: 0.7341834232466895
f1_weighted: 0.7062973115035168
