test_loss: 0.91191673
test_accuracy: 0.73200333
precision_micro: 0.7327121137812653
recall_micro: 0.7327121137812653
f1_micro: 0.7327121137812653
precision_macro: 0.37834941444076947
recall_macro: 0.28338903851277203
f1_macro: 0.37834941444076947
precision_weighted: 0.6976174050159831
recall_weighted: 0.7327121137812653
f1_weighted: 0.7009172317663221
