test_loss: 0.92735815
test_accuracy: 0.72991073
precision_micro: 0.7312408043158412
recall_micro: 0.7312408043158412
f1_micro: 0.731240804315841
precision_macro: 0.39262509908647275
recall_macro: 0.2903159705734627
f1_macro: 0.39262509908647275
precision_weighted: 0.6949657130371927
recall_weighted: 0.7312408043158412
f1_weighted: 0.698093051122915
