test_loss: 0.84390306
test_accuracy: 0.7328939
precision_micro: 0.7340034322137778
recall_micro: 0.7340034322137778
f1_micro: 0.7340034322137778
precision_macro: 0.5215885285351741
recall_macro: 0.38794396573680134
f1_macro: 0.5215885285351741
precision_weighted: 0.7205235733682949
recall_weighted: 0.7340034322137778
f1_weighted: 0.7118532201972343
