test_loss: 0.83549935
test_accuracy: 0.72283065
precision_micro: 0.7241294752329573
recall_micro: 0.7241294752329573
f1_micro: 0.7241294752329572
precision_macro: 0.45788052009456276
recall_macro: 0.34072593095287185
f1_macro: 0.45788052009456276
precision_weighted: 0.6968654080966078
recall_weighted: 0.7241294752329573
f1_weighted: 0.6945379138292902
