test_loss: 0.94468874
test_accuracy: 0.7216309
precision_micro: 0.7229713164991419
recall_micro: 0.7229713164991419
f1_micro: 0.722971316499142
precision_macro: 0.3902470215034404
recall_macro: 0.28649003673927165
f1_macro: 0.3902470215034404
precision_weighted: 0.6813462895343467
recall_weighted: 0.7229713164991419
f1_weighted: 0.6889032406136997
