test_loss: 0.88314855
test_accuracy: 0.74121094
precision_micro: 0.7422756253065228
recall_micro: 0.7422756253065228
f1_micro: 0.7422756253065228
precision_macro: 0.3891453736306542
recall_macro: 0.31376500668887897
f1_macro: 0.3891453736306542
precision_weighted: 0.702609576867832
recall_weighted: 0.7422756253065228
f1_weighted: 0.7110644877326554
