test_loss: 0.8874307
test_accuracy: 0.71878487
precision_micro: 0.7206964198136341
recall_micro: 0.7206964198136341
f1_micro: 0.7206964198136341
precision_macro: 0.4380173520970192
recall_macro: 0.3817857600665687
f1_macro: 0.4380173520970192
precision_weighted: 0.6948202476503926
recall_weighted: 0.7206964198136341
f1_weighted: 0.6958183401709205
