test_loss: 0.8256193
test_accuracy: 0.7266671
precision_micro: 0.7282981853849927
recall_micro: 0.7282981853849927
f1_micro: 0.7282981853849927
precision_macro: 0.4413493252072789
recall_macro: 0.32173212988849353
f1_macro: 0.4413493252072789
precision_weighted: 0.703025151638305
recall_weighted: 0.7282981853849927
f1_weighted: 0.6985099107058036
