test_loss: 0.9194909
test_accuracy: 0.7345494
precision_micro: 0.7358999509563512
recall_micro: 0.7358999509563512
f1_micro: 0.7358999509563512
precision_macro: 0.38879825409150043
recall_macro: 0.29490153757108944
f1_macro: 0.38879825409150043
precision_weighted: 0.7017252372393051
recall_weighted: 0.7358999509563512
f1_weighted: 0.7016749450304305
