test_loss: 0.7215583920478821
test_accuracy: 0.7744545340538025
precision_micro: 0.7746996812944349
recall_micro: 0.7746996812944349
f1_micro: 0.7746996812944349
precision_macro: 0.5268718983619072
recall_macro: 0.4216157310303727
f1_macro: 0.5268718983619072
precision_weighted: 0.748933021930686
recall_weighted: 0.7746996812944349
f1_weighted: 0.7516257592729838
