test_loss: 0.9606677
test_accuracy: 0.72062176
precision_micro: 0.7222358421181663
recall_micro: 0.7222358421181663
f1_micro: 0.7222358421181664
precision_macro: 0.3560129890896228
recall_macro: 0.2771683152626897
f1_macro: 0.3560129890896228
precision_weighted: 0.6848053854071859
recall_weighted: 0.7222358421181663
f1_weighted: 0.6842466993933279
