test_loss: 0.82306653
test_accuracy: 0.7362467
precision_micro: 0.7379259622456484
recall_micro: 0.7379259622456484
f1_micro: 0.7379259622456484
precision_macro: 0.5068315269503844
recall_macro: 0.40775377763612813
f1_macro: 0.5068315269503844
precision_weighted: 0.7132342148626591
recall_weighted: 0.7379259622456484
f1_weighted: 0.7158226847030932
