test_loss: 0.7627043724060059
test_accuracy: 0.7690610289573669
precision_micro: 0.769061044373621
recall_micro: 0.769061044373621
f1_micro: 0.769061044373621
precision_macro: 0.49655022326313514
recall_macro: 0.44968858628773706
f1_macro: 0.49655022326313514
precision_weighted: 0.7499006678484269
recall_weighted: 0.769061044373621
f1_weighted: 0.7488308614399726
