test_loss: 0.8185135
test_accuracy: 0.73771155
precision_micro: 0.7393969110075999
recall_micro: 0.7393969110075999
f1_micro: 0.7393969110075999
precision_macro: 0.47825543107275853
recall_macro: 0.40943985301578717
f1_macro: 0.47825543107275853
precision_weighted: 0.7103214790491778
recall_weighted: 0.7393969110075999
f1_weighted: 0.7145001684428253
