test_loss: 0.8159411
test_accuracy: 0.7499512
precision_micro: 0.7514096592302035
recall_micro: 0.7514096592302035
f1_micro: 0.7514096592302036
precision_macro: 0.5032145945139824
recall_macro: 0.3902086969485426
f1_macro: 0.5032145945139824
precision_weighted: 0.7289367574345402
recall_weighted: 0.7514096592302035
f1_weighted: 0.7254827108217634
