test_loss: 0.9665246
test_accuracy: 0.7267253
precision_micro: 0.7283647952929639
recall_micro: 0.7283647952929639
f1_micro: 0.7283647952929639
precision_macro: 0.3437965606625867
recall_macro: 0.2960810052804292
f1_macro: 0.3437965606625867
precision_weighted: 0.6905921598755989
recall_weighted: 0.7283647952929639
f1_weighted: 0.6961346104332685
