test_loss: 0.88239324
test_accuracy: 0.72342354
precision_micro: 0.7253555664541442
recall_micro: 0.7253555664541442
f1_micro: 0.7253555664541442
precision_macro: 0.4488348702725777
recall_macro: 0.3794049472624171
f1_macro: 0.4488348702725777
precision_weighted: 0.6959450534678747
recall_weighted: 0.7253555664541442
f1_weighted: 0.7016458782815826
