test_loss: 0.9366138
test_accuracy: 0.73185223
precision_micro: 0.7335131159597941
recall_micro: 0.7335131159597941
f1_micro: 0.7335131159597941
precision_macro: 0.4007532152885073
recall_macro: 0.28866571448463935
f1_macro: 0.4007532152885073
precision_weighted: 0.7054045051572416
recall_weighted: 0.7335131159597941
f1_weighted: 0.7033980816233739
