test_loss: 0.98574626
test_accuracy: 0.71085614
precision_micro: 0.7124295170384898
recall_micro: 0.7124295170384898
f1_micro: 0.7124295170384898
precision_macro: 0.3840611178280372
recall_macro: 0.2742290435857495
f1_macro: 0.3840611178280372
precision_weighted: 0.673556031532756
recall_weighted: 0.7124295170384898
f1_weighted: 0.6748472727068462
