test_loss: 0.8452985
test_accuracy: 0.7316732
precision_micro: 0.7327776415788183
recall_micro: 0.7327776415788183
f1_micro: 0.7327776415788183
precision_macro: 0.49275075222611386
recall_macro: 0.40220446504188595
f1_macro: 0.49275075222611386
precision_weighted: 0.7149756119916478
recall_weighted: 0.7327776415788183
f1_weighted: 0.7063429800747305
