test_loss: 0.8380093
test_accuracy: 0.73094076
precision_micro: 0.7320421671978427
recall_micro: 0.7320421671978427
f1_micro: 0.7320421671978427
precision_macro: 0.45914035558928595
recall_macro: 0.39376677752958
f1_macro: 0.45914035558928595
precision_weighted: 0.704450609280718
recall_weighted: 0.7320421671978427
f1_weighted: 0.7086524521438201
