test_loss: 0.88643056
test_accuracy: 0.72220284
precision_micro: 0.7241294752329573
recall_micro: 0.7241294752329573
f1_micro: 0.7241294752329572
precision_macro: 0.4836633466813986
recall_macro: 0.37151769853910804
f1_macro: 0.4836633466813986
precision_weighted: 0.6999022914885039
recall_weighted: 0.7241294752329573
f1_weighted: 0.7009237326378609
