test_loss: 0.9279422
test_accuracy: 0.73136395
precision_micro: 0.7330227997058103
recall_micro: 0.7330227997058103
f1_micro: 0.7330227997058104
precision_macro: 0.4053854051290355
recall_macro: 0.3153540899420515
f1_macro: 0.4053854051290355
precision_weighted: 0.6916045679616615
recall_weighted: 0.7330227997058103
f1_weighted: 0.7005931817806683
