test_loss: 0.83075047
test_accuracy: 0.73924154
precision_micro: 0.7403775435155675
recall_micro: 0.7403775435155675
f1_micro: 0.7403775435155675
precision_macro: 0.5186884820952782
recall_macro: 0.39939115141229325
f1_macro: 0.5186884820952782
precision_weighted: 0.7204112126341062
recall_weighted: 0.7403775435155675
f1_weighted: 0.7173667578946973
