test_loss: 0.8376032
test_accuracy: 0.73875326
precision_micro: 0.7398872272615837
recall_micro: 0.7398872272615837
f1_micro: 0.7398872272615837
precision_macro: 0.44304831898965846
recall_macro: 0.396938401600983
f1_macro: 0.44304831898965846
precision_weighted: 0.7179164131957859
recall_weighted: 0.7398872272615837
f1_weighted: 0.7171293322019036
