test_loss: 0.93582976
test_accuracy: 0.7250163
precision_micro: 0.7266486884040206
recall_micro: 0.7266486884040206
f1_micro: 0.7266486884040205
precision_macro: 0.36633873422901114
recall_macro: 0.30936286737505325
f1_macro: 0.36633873422901114
precision_weighted: 0.6810450729440699
recall_weighted: 0.7266486884040206
f1_weighted: 0.6929848157369116
