test_loss: 0.9415701
test_accuracy: 0.71500653
precision_micro: 0.7165972051973523
recall_micro: 0.7165972051973523
f1_micro: 0.7165972051973523
precision_macro: 0.386375304289705
recall_macro: 0.2517323268065306
f1_macro: 0.386375304289705
precision_weighted: 0.6855400342393719
recall_weighted: 0.7165972051973523
f1_weighted: 0.6777656594601369
