test_loss: 0.89880747
test_accuracy: 0.7371303
precision_micro: 0.7378616969102502
recall_micro: 0.7378616969102502
f1_micro: 0.7378616969102503
precision_macro: 0.42132545422526996
recall_macro: 0.3255285392852636
f1_macro: 0.42132545422526996
precision_weighted: 0.7112524571304393
recall_weighted: 0.7378616969102502
f1_weighted: 0.7059651143342498
