test_loss: 0.94974244
test_accuracy: 0.7189453
precision_micro: 0.720274577102231
recall_micro: 0.720274577102231
f1_micro: 0.720274577102231
precision_macro: 0.3850525402571849
recall_macro: 0.2802643156250089
f1_macro: 0.3850525402571849
precision_weighted: 0.6880375567897891
recall_weighted: 0.720274577102231
f1_weighted: 0.6834666446051744
