test_loss: 0.83166397
test_accuracy: 0.7266927
precision_micro: 0.7286099534199558
recall_micro: 0.7286099534199558
f1_micro: 0.7286099534199558
precision_macro: 0.46626483494041737
recall_macro: 0.40852244224197976
f1_macro: 0.46626483494041737
precision_weighted: 0.7043231015251779
recall_weighted: 0.7286099534199558
f1_weighted: 0.7047194697785459
