test_loss: 0.9537701
test_accuracy: 0.7208659
precision_micro: 0.7224810002451582
recall_micro: 0.7224810002451582
f1_micro: 0.7224810002451582
precision_macro: 0.34678661648361186
recall_macro: 0.2796540806872713
f1_macro: 0.34678661648361186
precision_weighted: 0.6748521890074718
recall_weighted: 0.7224810002451582
f1_weighted: 0.6868605596613929
