test_loss: 0.762229859828949
test_accuracy: 0.7602353692054749
precision_micro: 0.7602353518019123
recall_micro: 0.7602353518019123
f1_micro: 0.7602353518019123
precision_macro: 0.5223322925888298
recall_macro: 0.42677621743563576
f1_macro: 0.5223322925888298
precision_weighted: 0.7376766729784608
recall_weighted: 0.7602353518019123
f1_weighted: 0.7349605720560466
