test_loss: 0.9164064
test_accuracy: 0.73228234
precision_micro: 0.7339382050024522
recall_micro: 0.7339382050024522
f1_micro: 0.7339382050024521
precision_macro: 0.3754432746995398
recall_macro: 0.29719361943999867
f1_macro: 0.3754432746995398
precision_weighted: 0.6964714711916584
recall_weighted: 0.7339382050024522
f1_weighted: 0.7036395966572071
