test_loss: 0.94988316
test_accuracy: 0.71866864
precision_micro: 0.720274577102231
recall_micro: 0.720274577102231
f1_micro: 0.720274577102231
precision_macro: 0.41736922747610294
recall_macro: 0.30307875984194016
f1_macro: 0.41736922747610294
precision_weighted: 0.6922073636784598
recall_weighted: 0.720274577102231
f1_weighted: 0.6828711445344652
