test_loss: 0.9423988
test_accuracy: 0.7137207
precision_micro: 0.7158617308163766
recall_micro: 0.7158617308163766
f1_micro: 0.7158617308163767
precision_macro: 0.3444289667798323
recall_macro: 0.2813605723625061
f1_macro: 0.3444289667798323
precision_weighted: 0.6672857682887883
recall_weighted: 0.7158617308163766
f1_weighted: 0.6808980042352617
