test_loss: 0.8242722
test_accuracy: 0.74089706
precision_micro: 0.7422756253065228
recall_micro: 0.7422756253065228
f1_micro: 0.7422756253065228
precision_macro: 0.4447144433476288
recall_macro: 0.38632105852856746
f1_macro: 0.4447144433476288
precision_weighted: 0.7110481948786322
recall_weighted: 0.7422756253065228
f1_weighted: 0.7182537273601113
