test_loss: 0.8988032
test_accuracy: 0.7178083
precision_micro: 0.7197155468366846
recall_micro: 0.7197155468366846
f1_micro: 0.7197155468366847
precision_macro: 0.47573015896260007
recall_macro: 0.33445313750550787
f1_macro: 0.47573015896260007
precision_weighted: 0.698394554721956
recall_weighted: 0.7197155468366846
f1_weighted: 0.6911692999244207
