test_loss: 0.94873273
test_accuracy: 0.72041017
precision_micro: 0.7217455258641824
recall_micro: 0.7217455258641824
f1_micro: 0.7217455258641824
precision_macro: 0.4237013982569359
recall_macro: 0.27821097128481975
f1_macro: 0.4237013982569359
precision_weighted: 0.6984606178640006
recall_weighted: 0.7217455258641824
f1_weighted: 0.685904632213965
