test_loss: 0.83393216
test_accuracy: 0.73387045
precision_micro: 0.7349840647217455
recall_micro: 0.7349840647217455
f1_micro: 0.7349840647217455
precision_macro: 0.44519770463330394
recall_macro: 0.389517201413216
f1_macro: 0.44519770463330394
precision_weighted: 0.7067654248206295
recall_weighted: 0.7349840647217455
f1_weighted: 0.7099141604619323
