test_loss: 0.84336185
test_accuracy: 0.7252604
precision_micro: 0.7268938465310125
recall_micro: 0.7268938465310125
f1_micro: 0.7268938465310125
precision_macro: 0.5107878248574885
recall_macro: 0.411065159942893
f1_macro: 0.5107878248574885
precision_weighted: 0.7039990945405523
recall_weighted: 0.7268938465310125
f1_weighted: 0.7004145992277144
